7.74952   0.00672067
7.74903   0.00970745
7.74855   0.0126942
7.74806   0.0156827
7.74763   0.0186695
7.59162   0.0216562
7.5912   0.024643
7.59074   0.0276298
7.59027   0.0306166
7.58985   0.0336017
7.58939   0.0365918
7.43967   0.0395786
7.43923   0.0425637
7.43878   0.0455522
7.43833   0.0485389
7.43793   0.0515257
7.43749   0.0545125
7.43704   0.057501
7.29322   0.0604877
7.29279   0.0634745
7.2924   0.0664613
7.29197   0.0694481
7.29154   0.0724349
7.29116   0.0754216
7.29073   0.0784101
7.2903   0.0813969
7.15204   0.0843837
7.15163   0.0873704
7.15122   0.0903572
7.15085   0.093344
7.15044   0.0963308
7.15002   0.0993192
7.14965   0.102306
7.14924   0.105293
7.14883   0.10828
7.01584   0.111266
7.01544   0.114253
7.01504   0.117242
7.01469   0.120228
7.01429   0.123215
7.01389   0.126202
7.0135   0.129189
7.01314   0.132175
6.88506   0.135162
6.88472   0.138151
6.88434   0.141138
6.88396   0.144124
6.88361   0.147111
6.88323   0.150098
6.88285   0.153085
6.88247   0.156071
6.88212   0.15906
6.88174   0.162045
6.88136   0.165033
6.75805   0.168019
6.75768   0.171007
6.75735   0.173994
6.75698   0.176982
6.75661   0.179969
6.75624   0.182956
6.75591   0.185943
6.75554   0.188929
6.75517   0.191916
6.75484   0.194903
6.75447   0.197891
6.75411   0.200878
6.75378   0.203865
6.75341   0.206852
6.75304   0.209838
6.63424   0.212825
6.63389   0.215812
6.63353   0.2188
6.63322   0.221786
6.63286   0.224774
6.63251   0.227759
6.63219   0.230748
6.63183   0.233733
6.63148   0.236721
6.63112   0.23971
6.6308   0.242696
6.63045   0.245683
6.51589   0.24867
6.51555   0.251657
6.51521   0.254644
6.5149   0.257632
6.51456   0.260619
6.51421   0.263606
6.51387   0.266592
6.51356   0.269579
6.51322   0.272566
6.51288   0.275553
6.51257   0.278541
6.51223   0.281528
6.40169   0.284515
6.40135   0.287501
6.40102   0.290488
6.40073   0.293475
6.4004   0.296462
6.40007   0.29945
6.39974   0.302437
6.39944   0.305424
6.39911   0.308411
6.39878   0.311397
6.39848   0.314384
6.2917   0.317371
6.29138   0.320359
6.2911   0.323346
6.29078   0.326333
6.29046   0.32932
6.29017   0.332306
6.28985   0.335293
6.28953   0.338282
6.28924   0.341269
6.28893   0.344255
6.28861   0.34724
6.28829   0.350229
6.2   0.35
6.2   0.35
6.16915   0.35
6.16915   0.35
6.13861   0.35
6.13861   0.35
6.10837   0.35
6.10837   0.35
6.07843   0.35
6.07843   0.35
6.04878   0.35
6.04878   0.35
6.01942   0.35
6.01942   0.35
5.99034   0.35
5.99034   0.35
5.96154   0.35
5.96154   0.35
5.93301   0.35
5.93301   0.35
5.90476   0.35
5.90476   0.35
5.87678   0.35
5.87678   0.35
5.84906   0.35
5.84906   0.35
5.8216   0.35
5.8216   0.35
5.79439   0.35
5.79439   0.35
5.76744   0.35
5.76744   0.35
5.74074   0.35
5.74074   0.35
5.71429   0.35
5.71429   0.35
5.68807   0.35
5.68807   0.35
5.6621   0.35
5.6621   0.35
5.63636   0.35
5.63636   0.35
5.61086   0.35
5.61086   0.35
5.58559   0.35
5.58559   0.35
5.56054   0.35
5.56054   0.35
5.53571   0.35
5.53571   0.35
5.51111   0.35
5.51111   0.35
5.48673   0.35
5.48673   0.35
5.46256   0.35
5.46256   0.35
5.4386   0.35
5.4386   0.35
5.41485   0.35
5.41485   0.35
5.3913   0.35
5.3913   0.35
5.36797   0.35
5.36797   0.35
5.34483   0.35
5.34483   0.35
5.32189   0.35
5.32189   0.35
5.29915   0.35
5.29915   0.35
5.2766   0.35
5.2766   0.35
5.25424   0.35
5.25424   0.35
5.23207   0.35
5.23207   0.35
5.21008   0.35
5.21008   0.35
5.18828   0.35
5.18828   0.35
5.16667   0.35
5.16667   0.35
5.14523   0.35
5.14523   0.35
5.12397   0.35
5.12397   0.35
5.10288   0.35
5.10288   0.35
5.08197   0.35
5.08197   0.35
5.06122   0.35
5.06122   0.35
5.04065   0.35
5.04065   0.35
5.02024   0.35
5.02024   0.35
5   0.35
5   0.35
4.97992   0.35
4.97992   0.35
4.96   0.35
4.96   0.35
4.94024   0.35
4.94024   0.35
4.92063   0.35
4.92063   0.35
4.90119   0.35
4.90119   0.35
4.88189   0.35
4.88189   0.35
4.86275   0.35
4.86275   0.35
4.84375   0.35
4.84375   0.35
4.8249   0.35
4.8249   0.35
4.8062   0.35
4.8062   0.35
4.78764   0.35
4.78764   0.35
4.76923   0.35
4.76923   0.35
4.75096   0.35
4.75096   0.35
4.73282   0.35
4.73282   0.35
4.71483   0.35
4.71483   0.35
4.69697   0.35
4.69697   0.35
4.67925   0.35
4.67925   0.35
4.66165   0.35
4.66165   0.35
4.64419   0.35
4.64419   0.35
4.62687   0.35
4.62687   0.35
4.60967   0.35
4.60967   0.35
4.59259   0.35
4.59259   0.35
4.57565   0.35
4.57565   0.35
4.55882   0.35
4.55882   0.35
4.54212   0.35
4.54212   0.35
4.52555   0.35
4.52555   0.35
4.50909   0.35
4.50909   0.35
4.49275   0.35
4.49275   0.35
4.47653   0.35
4.47653   0.35
4.46043   0.35
4.46043   0.35
4.44444   0.35
4.44444   0.35
4.42857   0.35
4.42857   0.35
4.41281   0.35
4.41281   0.35
4.39716   0.35
4.39716   0.35
4.38163   0.35
4.38163   0.35
4.3662   0.35
4.3662   0.35
4.35088   0.35
4.35088   0.35
4.33566   0.35
4.33566   0.35
4.32056   0.35
4.32056   0.35
4.30556   0.35
4.30556   0.35
4.29066   0.35
4.29066   0.35
4.27586   0.35
4.27586   0.35
4.26117   0.35
4.26117   0.35
4.24658   0.35
4.24658   0.35
4.23208   0.35
4.23208   0.35
4.21769   0.35
4.21769   0.35
4.20339   0.35
4.20339   0.35
4.18919   0.35
4.18919   0.35
4.17508   0.35
4.17508   0.35
4.16107   0.35
4.16107   0.35
4.14716   0.35
4.14716   0.35
4.13333   0.35
4.1196   0.349
4.10596   0.348
4.09241   0.347
4.07895   0.346
4.06557   0.345
4.05229   0.344
4.03909   0.343
4.02597   0.342
4.01294   0.341
4   0.34
3.98714   0.339
3.97436   0.338
3.96166   0.337
3.94904   0.336
3.93651   0.335
3.92405   0.334
3.91167   0.333
3.89937   0.332
3.88715   0.331
3.875   0.33
3.86293   0.329
3.85093   0.328
3.83901   0.327
3.82716   0.326
3.81538   0.325
3.80368   0.324
3.79205   0.323
3.78049   0.322
3.769   0.321
3.75758   0.32
3.74622   0.319
3.73494   0.318
3.72372   0.317
3.71257   0.316
3.70149   0.315
3.69048   0.314
3.67953   0.313
3.66864   0.312
3.65782   0.311
3.64706   0.31
3.63636   0.309
3.62573   0.308
3.61516   0.307
3.60465   0.306
3.5942   0.305
3.58382   0.304
3.57349   0.303
3.56322   0.302
3.55301   0.301
3.54286   0.3
3.51821   0.298669
3.48569   0.300444
3.45386   0.300444
3.42261   0.300444
3.39199   0.298669
3.36185   0.298669
3.33222   0.298669
3.3032   0.296893
3.27461   0.296893
3.24658   0.295118
3.21903   0.293343
3.19194   0.291568
3.16523   0.291568
3.13903   0.289792
3.13911   0.288018
3.11335   0.286242
3.088   0.284466
3.06306   0.282692
3.06314   0.280917
3.0386   0.279142
3.01445   0.277367
3.01452   0.275592
3.0146   0.273817
3.01466   0.272041
2.99089   0.270266
2.96749   0.268491
2.96756   0.266716
2.94453   0.264941
2.9446   0.263166
2.92192   0.261391
2.92198   0.259615
2.89964   0.25784
2.89971   0.256065
2.87771   0.25429
2.87778   0.252515
2.85611   0.25074
2.85618   0.248963
2.85623   0.247189
2.83489   0.245413
2.83495   0.243639
2.81392   0.241864
2.81399   0.240089
2.79326   0.238314
2.79332   0.236538
2.79338   0.234763
2.77296   0.232988
2.77303   0.231213
2.77309   0.229438
2.75296   0.227663
2.75302   0.225888
2.75308   0.224112
2.73324   0.222337
2.7333   0.220562
2.73336   0.218787
2.7138   0.217012
2.71386   0.215237
2.71392   0.213462
2.69464   0.211686
2.6947   0.20991
2.69475   0.208136
2.67574   0.20636
2.6758   0.204586
2.65706   0.202811
2.65711   0.201036
2.65716   0.19926
2.65722   0.197485
2.63874   0.19571
2.63879   0.193935
2.63885   0.19216
2.62062   0.190385
2.62067   0.188609
2.62072   0.186834
2.60274   0.185059
2.60279   0.183284
2.60284   0.181509
2.58511   0.179734
2.58516   0.177959
2.58521   0.176183
2.56771   0.174408
2.56776   0.172633
2.56781   0.170858
2.55055   0.169083
2.5506   0.167308
2.55065   0.165533
2.53362   0.163757
2.53366   0.161982
2.53371   0.160207
2.5169   0.158432
2.51695   0.156657
2.517   0.154882
2.51705   0.153107
2.50046   0.151331
2.50051   0.149556
2.50056   0.147781
2.48418   0.146006
2.48423   0.144231
2.48428   0.142456
2.46811   0.14068
2.46816   0.138904
2.46821   0.13713
2.45225   0.135354
2.4523   0.13358
2.45235   0.131804
2.43659   0.13003
2.43664   0.128254
2.43669   0.126479
2.42113   0.124704
2.42118   0.122929
2.42122   0.121154
2.40587   0.119379
2.40591   0.117604
2.39075   0.115828
2.39079   0.114053
2.39084   0.112278
2.39088   0.110503
2.37591   0.108728
2.37595   0.106953
2.376   0.105178
2.36121   0.103402
2.36125   0.101627
2.36129   0.099851
2.34668   0.098077
2.34673   0.096301
2.34677   0.094527
2.34681   0.092751
2.33238   0.090976
2.33243   0.089201
2.33247   0.087426
2.31822   0.085651
2.31826   0.083876
2.3183   0.082101
2.31834   0.080325
2.30426   0.07855
2.3043   0.076775
2.30434   0.075
2.29043   0.073225
2.29047   0.07145
2.29051   0.069675
2.29055   0.067899
2.2768   0.066124
2.27684   0.064349
2.27688   0.062574
2.2633   0.060799
2.26334   0.059024
2.26338   0.057248
2.24995   0.055473
2.24999   0.053698
2.25003   0.051923
2.25007   0.050148
2.2368   0.048373
2.23684   0.046598
2.22373   0.044822
2.22377   0.043047
2.2238   0.041272
2.21084   0.039497
2.21088   0.037722
2.21092   0.035947
2.19811   0.034172
2.19815   0.032396
2.18548   0.030621
2.18552   0.028846
2.173   0.027071
2.16062   0.025295
2.16066   0.023521
2.14842   0.021746
2.14846   0.019969
2.13636   0.018195
2.12439   0.01642
2.11256   0.014645
2.11259   0.01287
2.10089   0.011095
2.08932   0.00932
2.07785   0.00932
2.06649   0.00932
2.05529   0.007544
2.04418   0.007544
2.04422   0.005769
2.03323   0.005769
2.02239   0.003994
2.01163   0.003994
2.00102   0.002219
