6.95028  0.699038  0.00672067
6.93547  0.703464  0.00970745
6.92072  0.707859  0.0126942
6.90604  1.17257  0.0156827
6.89142  0.303744  0.0186695
6.87682  0.512676  0.0216562
6.86232  0.319938  0.024643
6.84788  0.730893  0.0276298
6.8335  0.218395  0.0306166
6.81918  0.823958  0.0336017
6.80492  1.93383  0.0365918
6.79073  -0.0946078  0.0395786
6.77659  0.264338  0.0425637
6.76251  3.15997  0.0455522
6.74852  0.309474  0.0485389
6.73456  0.514483  0.0515257
6.72065  0.619094  0.0545125
6.7068  0.634295  0.057501
6.69301  0.881701  0.0604877
6.67931  0.407816  0.0634745
6.66563  0.563114  0.0664613
6.652  0.519193  0.0694481
6.63844  0.508613  0.0724349
6.62496  0.57658  0.0754216
6.6115  0.597919  0.0784101
6.59813  0.525584  0.0813969
6.58478  0.548857  0.0843837
6.57149  0.50994  0.0873704
6.55828  0.54909  0.0903572
6.54509  0.528202  0.093344
6.53199  0.586286  0.0963308
6.5189  0.52169  0.0993192
6.50591  0.536748  0.102306
6.49293  0.539164  0.105293
6.48003  0.519071  0.10828
6.46719  0.520947  0.111266
6.45437  0.571654  0.114253
6.44163  0.572084  0.117242
6.42893  0.562752  0.120228
6.41629  0.550434  0.123215
6.40367  0.594545  0.126202
6.39113  0.589992  0.129189
6.37863  0.560624  0.132175
6.36619  0.593382  0.135162
6.35379  0.570708  0.138151
6.34141  0.565915  0.141138
6.32911  0.537235  0.144124
6.31686  0.584018  0.147111
6.30466  0.544536  0.150098
6.2925  0.555012  0.153085
6.28039  0.540685  0.156071
6.26832  0.539143  0.15906
6.25631  0.506811  0.162045
6.24433  0.51861  0.165033
6.23244  0.520788  0.168019
6.22056  0.532719  0.171007
6.20872  0.556271  0.173994
6.19693  0.518975  0.176982
6.18519  0.509963  0.179969
6.17352  0.512102  0.182956
6.16186  0.539469  0.185943
6.15024  0.524185  0.188929
6.13867  0.510832  0.191916
6.12718  0.491566  0.194903
6.1157  0.494932  0.197891
6.10428  0.528898  0.200878
6.09289  0.485027  0.203865
6.08153  0.460351  0.206852
6.07025  0.490413  0.209838
6.05898  0.473627  0.212825
6.04778  0.486095  0.215812
6.03659  0.473822  0.2188
6.02547  0.48063  0.221786
6.0144  0.450586  0.224774
6.00333  0.467815  0.227759
5.99234  0.446434  0.230748
5.98138  0.452489  0.233733
5.97044  0.442768  0.236721
5.95956  0.448798  0.23971
5.94873  0.446641  0.242696
5.93793  0.443866  0.245683
5.92714  0.427787  0.24867
5.91643  0.414306  0.251657
5.90575  0.433631  0.254644
5.89511  0.411108  0.257632
5.8845  0.41532  0.260619
5.87394  0.412033  0.263606
5.86341  0.435237  0.266592
5.85292  0.409075  0.269579
5.84247  0.408793  0.272566
5.83206  0.422447  0.275553
5.82168  0.42233  0.278541
5.81134  0.392101  0.281528
5.80103  0.382094  0.284515
5.79077  0.399107  0.287501
5.78054  0.409415  0.290488
5.77037  0.389471  0.293475
5.76021  0.389829  0.296462
5.75008  0.389454  0.29945
5.74  0.396705  0.302437
5.72997  0.37282  0.305424
5.71995  0.39414  0.308411
5.70997  0.383031  0.311397
5.70005  0.37833  0.314384
5.69014  0.37819  0.317371
5.68026  0.386019  0.320359
5.67044  0.374633  0.323346
5.66063  0.387465  0.326333
5.65088  0.390372  0.32932
5.64113  0.384002  0.332306
5.63145  0.384693  0.335293
5.6218  0.381937  0.338282
5.61215  0.389461  0.341269
5.60257  0.382627  0.344255
5.59302  0.399489  0.34724
5.58347  0.394574  0.350229
5.57399  0.407018  0.35
5.56453  0.409064  0.35
5.55511  0.406398  0.35
5.54569  0.408031  0.35
5.53633  0.415125  0.35
5.527  0.405754  0.35
5.51771  0.409088  0.35
5.50844  0.430636  0.35
5.49921  0.432728  0.35
5.49001  0.435989  0.35
5.48083  0.434338  0.35
5.47169  0.432746  0.35
5.46258  0.446449  0.35
5.4535  0.45276  0.35
5.44445  0.44318  0.35
5.43543  0.452218  0.35
5.42643  0.468492  0.35
5.41747  0.471571  0.35
5.40856  0.477208  0.35
5.39966  0.483243  0.35
5.39079  0.477758  0.35
5.38194  0.494543  0.35
5.37315  0.496665  0.35
5.36437  0.502045  0.35
5.35561  0.499277  0.35
5.3469  0.50337  0.35
5.3382  0.518163  0.35
5.32955  0.521472  0.35
5.32091  0.523144  0.35
5.31231  0.529812  0.35
5.30372  0.534394  0.35
5.29519  0.53722  0.35
5.28665  0.547331  0.35
5.27817  0.558272  0.35
5.26971  0.559848  0.35
5.26126  0.560904  0.35
5.25286  0.567195  0.35
5.24448  0.563857  0.35
5.23613  0.572306  0.35
5.22779  0.572069  0.35
5.21949  0.583256  0.35
5.21122  0.588864  0.35
5.20298  0.596601  0.35
5.19476  0.588066  0.35
5.18657  0.600876  0.35
5.1784  0.597833  0.35
5.17026  0.601698  0.35
5.16215  0.609805  0.35
5.15406  0.610322  0.35
5.146  0.619665  0.35
5.13796  0.621692  0.35
5.12994  0.621733  0.35
5.12196  0.619566  0.35
5.11399  0.620042  0.35
5.10605  0.62944  0.35
5.09816  0.630323  0.35
5.09027  0.637087  0.35
5.0824  0.644496  0.35
5.07456  0.642849  0.35
5.06677  0.637215  0.35
5.05897  0.646413  0.35
5.0512  0.643527  0.35
5.04348  0.654445  0.35
5.03576  0.653442  0.35
5.02808  0.65142  0.35
5.02041  0.650365  0.35
5.01277  0.650225  0.35
5.00515  0.657339  0.35
4.99756  0.652853  0.35
4.99  0.660964  0.35
4.98244  0.664729  0.35
4.97492  0.661051  0.35
4.96743  0.664685  0.35
4.95994  0.665354  0.35
4.95249  0.67151  0.35
4.94507  0.662438  0.35
4.93766  0.669528  0.35
4.93028  0.670724  0.35
4.9229  0.673226  0.35
4.91556  0.673906  0.35
4.90825  0.670706  0.35
4.90095  0.675653  0.35
4.89368  0.678102  0.35
4.88643  0.677644  0.35
4.8792  0.679664  0.35
4.87199  0.677827  0.35
4.86481  0.675869  0.35
4.85764  0.679897  0.35
4.85051  0.678774  0.35
4.84339  0.67885  0.35
4.83629  0.685882  0.35
4.82921  0.681259  0.35
4.82214  0.685455  0.35
4.81512  0.687756  0.35
4.8081  0.685003  0.35
4.8011  0.688141  0.35
4.79414  0.685228  0.35
4.78718  0.683154  0.35
4.78026  0.683892  0.35
4.77334  0.690107  0.35
4.76646  0.693209  0.35
4.75958  0.689498  0.35
4.75274  0.687512  0.35
4.7459  0.68577  0.35
4.7391  0.684512  0.35
4.73232  0.686831  0.35
4.72554  0.692271  0.35
4.71879  0.68857  0.35
4.71207  0.690645  0.35
4.70535  0.689193  0.35
4.69866  0.694732  0.35
4.69199  0.693246  0.35
4.68535  0.697192  0.35
4.67872  0.692557  0.35
4.6721  0.69236  0.35
4.6655  0.692789  0.35
4.65892  0.696081  0.35
4.65237  0.692801  0.35
4.64583  0.689555  0.35
4.63931  0.693204  0.35
4.63283  0.693692  0.35
4.62635  0.692566  0.35
4.61988  0.698554  0.35
4.61344  0.701484  0.35
4.60701  0.687805  0.35
4.6006  0.696686  0.35
4.59423  0.694746  0.35
4.58785  0.697692  0.35
4.5815  0.691316  0.35
4.57516  0.690821  0.35
4.56885  0.697113  0.35
4.56255  0.692152  0.35
4.55628  0.691139  0.35
4.55001  0.693717  0.35
4.54377  0.70118  0.35
4.53754  0.695628  0.35
4.53134  0.695605  0.35
4.52513  0.702101  0.35
4.51897  0.700414  0.35
4.5128  0.697639  0.35
4.50667  0.693704  0.35
4.50055  0.692796  0.35
4.49443  0.69858  0.35
4.48835  0.696765  0.35
4.48228  0.695478  0.35
4.47623  0.699734  0.35
4.47019  0.696359  0.35
4.46416  0.699287  0.35
4.45815  0.693415  0.35
4.45217  0.699054  0.35
4.4462  0.700052  0.35
4.44024  0.704381  0.35
4.4343  0.697147  0.35
4.42838  0.691948  0.35
4.42247  0.696372  0.35
4.41658  0.698703  0.35
4.41072  0.699697  0.35
4.40486  0.697605  0.35
4.39902  0.69658  0.35
4.39319  0.697894  0.35
4.38738  0.70111  0.35
4.38159  0.694799  0.35
4.37581  0.69873  0.35
4.37004  0.696679  0.35
4.36431  0.699372  0.35
4.35857  0.703158  0.35
4.35286  0.703407  0.35
4.34716  0.696531  0.35
4.34146  0.703823  0.35
4.3358  0.698246  0.35
4.33015  0.699414  0.35
4.32451  0.70148  0.35
4.31889  0.698539  0.35
4.31327  0.702908  0.35
4.30768  0.701503  0.35
4.3021  0.70172  0.35
4.29653  0.704428  0.35
4.29098  0.700659  0.35
4.28545  0.698636  0.35
4.27994  0.704262  0.35
4.27443  0.703286  0.35
4.26894  0.706742  0.35
4.26347  0.701576  0.35
4.25799  0.701868  0.35
4.25255  0.706639  0.35
4.24711  0.70259  0.35
4.24169  0.702185  0.35
4.2363  0.700425  0.35
4.23091  0.70585  0.35
4.22553  0.708189  0.35
4.22017  0.705622  0.35
4.21482  0.706308  0.35
4.20948  0.701761  0.35
4.20417  0.70461  0.35
4.19886  0.7004  0.35
4.19357  0.706493  0.35
4.18828  0.702314  0.35
4.18303  0.702624  0.35
4.17777  0.704035  0.35
4.17254  0.705316  0.35
4.16731  0.698223  0.35
4.16211  0.703124  0.349
4.1569  0.701854  0.348
4.15173  0.703311  0.347
4.14655  0.705377  0.346
4.1414  0.701847  0.345
4.13626  0.700377  0.344
4.13112  0.701878  0.343
4.126  0.699242  0.342
4.1209  0.702236  0.341
4.1158  0.701933  0.34
4.11072  0.700122  0.339
4.10566  0.698208  0.338
4.10061  0.701213  0.337
4.09557  0.701849  0.336
4.09055  0.700067  0.335
4.08553  0.694721  0.334
4.08053  0.706323  0.333
4.07554  0.704425  0.332
4.07057  0.699357  0.331
4.0656  0.700841  0.33
4.06065  0.699958  0.329
4.05571  0.700307  0.328
4.05078  0.70246  0.327
4.04588  0.698892  0.326
4.04097  0.701086  0.325
4.03608  0.697875  0.324
4.0312  0.697219  0.323
4.02634  0.693347  0.322
4.02148  0.701902  0.321
4.01664  0.700842  0.32
4.01182  0.699237  0.319
4.00699  0.696562  0.318
4.00219  0.702216  0.317
3.9974  0.696741  0.316
3.99262  0.696378  0.315
3.98784  0.700847  0.314
3.98309  0.698539  0.313
3.97835  0.697024  0.312
3.97361  0.689809  0.311
3.96889  0.702099  0.31
3.96418  0.692769  0.309
3.95949  0.695783  0.308
3.95479  0.697531  0.307
3.95011  0.697723  0.306
3.94545  0.695864  0.305
3.9408  0.695601  0.304
3.93616  0.693785  0.303
3.93153  0.695235  0.302
3.92691  0.695638  0.301
3.9223  0.688721  0.3
3.9177  0.697285  0.298669
3.91312  0.697876  0.300444
3.90854  0.699668  0.300444
3.90397  0.68945  0.300444
3.89942  0.693453  0.298669
3.89489  0.696767  0.298669
3.89035  0.695607  0.298669
3.88583  0.691655  0.296893
3.88133  0.692162  0.296893
3.87683  0.688297  0.295118
3.87234  0.693635  0.293343
3.86787  0.697323  0.291568
3.8634  0.693256  0.291568
3.85895  0.691833  0.289792
3.8545  0.696681  0.288018
3.85007  0.687311  0.286242
3.84564  0.693966  0.284466
3.84123  0.68687  0.282692
3.83682  0.693103  0.280917
3.83244  0.687312  0.279142
3.82806  0.687147  0.277367
3.82368  0.691311  0.275592
3.81932  0.684691  0.273817
3.81497  0.686189  0.272041
3.81064  0.685869  0.270266
3.80631  0.691128  0.268491
3.80199  0.689573  0.266716
3.79768  0.688603  0.264941
3.79337  0.686537  0.263166
3.78908  0.68502  0.261391
3.7848  0.685136  0.259615
3.78055  0.680867  0.25784
3.77629  0.672481  0.256065
3.77204  0.672821  0.25429
3.76779  0.659505  0.252515
3.76356  0.667425  0.25074
3.75934  0.682478  0.248963
3.75513  0.702976  0.247189
3.75094  0.711849  0.245413
3.74674  0.72959  0.243639
3.74256  0.716313  0.241864
3.7384  0.702874  0.240089
3.73423  0.69375  0.238314
3.73009  0.687065  0.236538
3.72594  0.666387  0.234763
3.72181  0.664626  0.232988
3.71768  0.664729  0.231213
3.71358  0.673286  0.229438
3.70947  0.679763  0.227663
3.70537  0.684579  0.225888
3.70129  0.679609  0.224112
3.69721  0.681134  0.222337
3.69315  0.685246  0.220562
3.68909  0.678974  0.218787
3.68505  0.681501  0.217012
3.681  0.679518  0.215237
3.67697  0.681714  0.213462
3.67295  0.678706  0.211686
3.66894  0.683889  0.20991
3.66494  0.675043  0.208136
3.66095  0.682553  0.20636
3.65696  0.683254  0.204586
3.65299  0.675504  0.202811
3.64902  0.679559  0.201036
3.64506  0.672243  0.19926
3.64113  0.679457  0.197485
3.63718  0.682138  0.19571
3.63325  0.679493  0.193935
3.62933  0.676699  0.19216
3.62542  0.670815  0.190385
3.62152  0.678177  0.188609
3.61762  0.681045  0.186834
3.61374  0.669396  0.185059
3.60986  0.677526  0.183284
3.60599  0.671678  0.181509
3.60213  0.673828  0.179734
3.59828  0.673111  0.177959
3.59443  0.67622  0.176183
3.5906  0.678437  0.174408
3.58677  0.679213  0.172633
3.58296  0.674634  0.170858
3.57915  0.677984  0.169083
3.57534  0.674053  0.167308
3.57155  0.672321  0.165533
3.56777  0.672401  0.163757
3.564  0.670845  0.161982
3.56023  0.674731  0.160207
3.55647  0.678183  0.158432
3.55272  0.671864  0.156657
3.54898  0.662311  0.154882
3.54525  0.66757  0.153107
3.54152  0.671364  0.151331
3.5378  0.668605  0.149556
3.53409  0.671648  0.147781
3.53039  0.673723  0.146006
3.52669  0.664128  0.144231
3.52301  0.671069  0.142456
3.51933  0.667402  0.14068
3.51567  0.669856  0.138904
3.512  0.667478  0.13713
3.50835  0.661409  0.135354
3.50471  0.665963  0.13358
3.50106  0.66632  0.131804
3.49744  0.658369  0.13003
3.49381  0.666699  0.128254
3.4902  0.661602  0.126479
3.48659  0.664831  0.124704
3.483  0.67008  0.122929
3.4794  0.662079  0.121154
3.47582  0.665993  0.119379
3.47225  0.664185  0.117604
3.46868  0.666438  0.115828
3.46512  0.665987  0.114053
3.46157  0.668277  0.112278
3.45803  0.668028  0.110503
3.45448  0.660574  0.108728
3.45095  0.666923  0.106953
3.44743  0.668131  0.105178
3.44392  0.653169  0.103402
3.44041  0.661296  0.101627
3.43691  0.662959  0.099851
3.43342  0.65953  0.098077
3.42993  0.663971  0.096301
3.42646  0.659694  0.094527
3.42299  0.653231  0.092751
3.41953  0.66028  0.090976
3.41607  0.660146  0.089201
3.41262  0.658789  0.087426
3.40918  0.657978  0.085651
3.40575  0.661794  0.083876
3.40232  0.658121  0.082101
3.39891  0.665412  0.080325
3.39549  0.656418  0.07855
3.39208  0.664671  0.076775
3.38869  0.663761  0.075
3.3853  0.658499  0.073225
3.38192  0.659837  0.07145
3.37854  0.658235  0.069675
3.37517  0.665073  0.067899
3.37181  0.650585  0.066124
3.36846  0.654222  0.064349
3.3651  0.656071  0.062574
3.36176  0.649805  0.060799
3.35843  0.666245  0.059024
3.35511  0.659539  0.057248
3.35179  0.657723  0.055473
3.34847  0.652543  0.053698
3.34517  0.659146  0.051923
3.34186  0.656172  0.050148
3.33857  0.658297  0.048373
3.33529  0.648351  0.046598
3.33201  0.653041  0.044822
3.32873  0.650944  0.043047
3.32547  0.652115  0.041272
3.32221  0.653801  0.039497
3.31895  0.654712  0.037722
3.31571  0.65018  0.035947
3.31247  0.651133  0.034172
3.30923  0.650357  0.032396
3.30601  0.655197  0.030621
3.30279  0.648455  0.028846
3.29957  0.652974  0.027071
3.29637  0.655039  0.025295
3.29317  0.65035  0.023521
3.28998  0.653116  0.021746
3.28679  0.654056  0.019969
3.28361  0.651866  0.018195
3.28044  0.649119  0.01642
3.27727  0.646342  0.014645
3.27411  0.646671  0.01287
3.27096  0.655375  0.011095
3.26781  0.650776  0.00932
3.26466  0.650017  0.00932
3.26153  0.64984  0.00932
3.2584  0.657842  0.007544
3.25528  0.65154  0.007544
3.25216  0.654157  0.005769
3.24905  0.647184  0.005769
3.24595  0.637699  0.003994
3.24285  0.649914  0.003994
3.23975  0.652736  0.002219
